   4.5090272e+02   1.6182666e+02   6.0551360e+02   8.5994818e+02   1.0418253e+02   4.3757473e+03   5.2135636e+02   4.1879247e-01  -3.3853356e-05   7.1321720e+00   1.1779279e-02   1.3050405e-06
   5.4247249e+02   1.6738553e+02   6.6462375e+02   8.7781617e+02   1.1280568e+02   4.6655456e+03   5.2584204e+02   4.5115477e-01  -3.0100959e-05   7.6214962e+00   1.1888681e-02   1.3781825e-06
   4.8517284e+02   1.4641262e+02   6.2836278e+02   8.5459146e+02   1.1490289e+02   4.4394150e+03   5.8850113e+02   4.2271914e-01  -2.8815468e-05   7.8873347e+00   1.1195901e-02   1.3281312e-06
   4.9170956e+02   1.5925597e+02   6.8562055e+02   8.2008889e+02   1.0983230e+02   4.5085695e+03   5.1020269e+02   4.3139346e-01  -3.2611247e-05   6.9448635e+00   1.1556890e-02   1.2623863e-06
   5.0703381e+02   1.7229645e+02   6.7477586e+02   8.4039763e+02   1.1387093e+02   4.1082123e+03   5.7407863e+02   4.0778300e-01  -3.4219496e-05   7.2641997e+00   1.0994728e-02   1.3896682e-06
   4.9885238e+02   1.6106292e+02   5.9797512e+02   8.8700545e+02   1.0859532e+02   4.3084524e+03   5.0728204e+02   3.9633537e-01  -3.3325750e-05   7.7272628e+00   1.0243042e-02   1.3574770e-06
   5.1140650e+02   1.5245016e+02   6.3115027e+02   8.0047990e+02   1.2007937e+02   4.7470593e+03   5.3397746e+02   3.9167672e-01  -2.9579603e-05   6.5112166e+00   1.0729762e-02   1.2767317e-06
   4.7355899e+02   1.5559509e+02   6.5838732e+02   7.6372130e+02   1.1951823e+02   4.3857854e+03   5.9201081e+02   3.8961569e-01  -3.0012299e-05   7.3189410e+00   9.9185715e-03   1.4158866e-06
   5.0077121e+02   1.7461783e+02   6.7906268e+02   8.3124623e+02   1.0331015e+02   4.5914530e+03   5.5109992e+02   4.4157231e-01  -3.1212219e-05   6.6662699e+00   1.1079965e-02   1.4908267e-06
   4.8011368e+02   1.4904816e+02   6.1714836e+02   8.9984807e+02   1.0558891e+02   4.0494665e+03   5.7105649e+02   4.5332890e-01  -3.1656401e-05   7.6466715e+00   1.1246965e-02   1.4086997e-06
   5.2496104e+02   1.6519370e+02   6.9276454e+02   8.1171111e+02   1.1565340e+02   4.1558191e+03   5.4528335e+02   4.6021818e-01  -2.9125691e-05   7.1023382e+00   1.0141483e-02   1.4548313e-06
   5.3522683e+02   1.4826756e+02   6.4102973e+02   7.7774518e+02   9.9155270e+01   4.1872543e+03   5.4642990e+02   4.6988266e-01  -3.0675216e-05   6.8419704e+00   1.0111097e-02   1.4724041e-06
   4.6820770e+02   1.6846393e+02   6.2288494e+02   7.5451691e+02   1.1777250e+02   4.0179176e+03   5.1381406e+02   4.1370273e-01  -3.1741903e-05   6.5578907e+00   1.1449414e-02   1.3019488e-06
   5.1755842e+02   1.5044380e+02   7.0748478e+02   7.7540758e+02   1.1102020e+02   4.7225151e+03   5.5870184e+02   4.0089509e-01  -3.2973382e-05   7.4103778e+00   1.0470102e-02   1.5211912e-06
   5.3037957e+02   1.6973402e+02   6.0337434e+02   7.9401547e+02   1.1726577e+02   4.2595870e+03   4.9197755e+02   4.3448493e-01  -3.2092476e-05   6.7786260e+00   1.0384499e-02   1.3394117e-06
   4.5612021e+02   1.5364562e+02   7.1112057e+02   8.4167575e+02   1.0072899e+02   4.8352330e+03   4.9043322e+02   4.6519037e-01  -3.1011664e-05   7.7994879e+00   1.1362128e-02   1.4572318e-06
   5.2878389e+02   1.7434207e+02   7.0118942e+02   8.6859145e+02   1.0685303e+02   4.5296445e+03   5.8171679e+02   4.5894625e-01  -3.4691205e-05   6.7640170e+00   1.1731960e-02   1.4357099e-06
   4.6451574e+02   1.6382144e+02   6.5494943e+02   7.4407775e+02   1.0201244e+02   4.2454053e+03   5.0208957e+02   4.4620541e-01  -3.2918651e-05   7.4192136e+00   1.2048238e-02   1.4995588e-06
   4.7579387e+02   1.4525545e+02   5.8534923e+02   8.9222441e+02   1.0636758e+02   4.8139434e+03   5.6384947e+02   4.1175901e-01  -3.4922576e-05   6.9959889e+00   1.0873790e-02   1.5387499e-06
   5.4626470e+02   1.5800550e+02   6.4857350e+02   7.8375659e+02   1.1139400e+02   4.6078080e+03   5.3520810e+02   4.2908438e-01  -3.4344696e-05   7.5000468e+00   1.0615010e-02   1.3601549e-06
